29
3
46
30
17
33
14
27
2
19
4
26
27
9
14
23
54
7
7
18
20
60
5
22
27
6
3
1
51
7
5
9
32
12
14
12
1
23
4
4
1
15
10
1
14
1
6
1
7
4
3
5
1
7
54
32
67
16
6
15
17
11
19
77
16
8
31
49
1
40
9
52
3
47
1
30
11
35
41
27
47
6
22
31
55
65
6
24
13
1
20
1
19
3
50
17
85
56
33
25
8
17
18
5
25
35
4
13
39
32
12
18
30
11
1
45
5
33
8
2
37
30
8
10
13
24
9
8
2
32
5
7
6
1
9
32
56
11
39
29
7
24
26
95
31
76
9
47
4
7
6
6
36
6
32
16
47
4
12
33
5
8
34
60
47
6
33
4
6
17
4
21
10
2
10
5
16
49
3
35
20
10
88
9
61
23
30
23
7
13
12
32
18
17
19
6
30
19
22
1
22
7
29
5
5
19
14
30
4
4
3
1
19
24
44
54
10
4
10
5
3
4
2
13
13
19
9
1
7
19
4
4
7
1
2
3
2
16
17
6
10
5
7
13
13
3
9
7
27
26
1
5
12
1
3
1
9
20
4
1
12
7
2
19
9
10
6
10
1
3
2
17
25
13
25
1
5
3
3
4
15
1
5
1
8
8
26
24
3
27
20
12
25
54
30
75
14
20
44
3
40
14
2
28
54
31
44
22
1
2
40
58
5
6
8
63
19
3
2
7
44
35
6
58
3
22
30
52
14
13
3
11
1
12
19
1
11
8
1
10
38
18
16
3
34
17
45
18
1
3
18
41
22
17
6
12
1
4
1
7
13
23
16
50
22
13
19
45
12
147
21
3
5
2
12
5
5
15
4
28
3
20
7
4
14
20
20
12
1
1
3
2
19
16
5
24
74
34
13
31
47
43
20
51
37
3
2
3
111
36
16
47
6
42
3
11
11
4
3
8
11
59
15
22
82
6
63
75
1
4
29
36
86
17
29
26
57
26
22
13
43
1
7
16
7
11
2
2
39
23
31
33
18
31
87
15
6
31
62
9
13
93
7
26
9
28
36
19
15
55
16
61
15
2
30
38
20
38
32
45
19
68
36
64
38
10
32
54
19
8
4
6
26
4
24
8
26
5
11
10
6
20
39
9
6
2
42
48
2
26
7
17
3
11
8
25
7
9
16
5
34
6
12
1
1
13
19
67
42
20
18
4
6
42
19
3
11
13
36
10
8
1
28
21
1
1
28
16
11
8
25
33
12
1
15
10
8
12
38
11
7
5
5
33
7
9
47
68
102
22
40
31
43
28
29
7
28
38
12
25
52
4
21
7
18
29
47
32
48
4
47
6
8
13
13
24
1
4
36
40
5
51
21
3
19
16
1
7
27
28
5
9
26
20
12
48
12
20
25
21
40
48
26
14
32
2
16
48
9
40
19
2
1
1
10
1
7
17
9
81
17
6
26
6
11
41
18
13
90
11
16
4
77
26
26
9
62
4
5
42
2
8
18
16
18
32
4
27
7
2
19
7
77
46
12
34
24
10
4
11
159
40
19
29
