15
3
9
22
50
5
1
11
2
2
10
6
2
10
7
24
4
8
7
8
16
2
8
33
12
19
4
5
4
5
17
10
2
1
4
7
10
24
6
10
7
5
3
5
1
10
37
19
24
23
1
7
17
12
15
7
27
12
24
15
2
9
10
2
6
13
9
10
35
19
12
13
5
8
30
44
5
1
4
3
3
5
4
2
6
1
2
4
14
3
15
5
38
4
14
27
1
7
10
3
22
8
4
3
7
3
4
5
7
31
22
7
58
2
4
1
14
43
11
6
7
10
17
1
12
8
15
1
13
7
4
8
2
26
18
1
44
7
18
8
21
105
10
16
54
2
3
4
1
19
42
2
12
8
10
33
22
1
52
9
19
3
4
11
38
1
10
10
10
10
23
2
1
10
2
30
21
7
13
4
4
37
7
22
27
19
7
1
4
1
8
13
10
13
7
18
5
7
14
1
11
16
11
3
28
24
7
10
15
5
24
1
10
20
14
60
6
28
10
7
4
22
3
3
22
37
17
1
48
5
8
34
15
27
5
4
11
16
12
19
19
7
5
1
3
8
4
6
25
8
2
25
16
6
1
4
1
1
2
1
18
2
4
1
5
3
10
8
2
13
6
12
20
5
1
38
8
25
5
17
20
2
78
8
10
30
37
8
1
26
3
16
11
18
9
2
42
4
1
42
31
38
82
20
6
3
22
22
1
10
3
12
5
4
13
2
20
21
12
26
17
34
3
15
7
17
4
12
2
2
1
4
5
2
13
12
10
12
9
5
8
14
2
21
1
20
10
5
42
13
4
2
6
2
32
6
3
6
2
18
8
3
5
2
2
1
9
7
9
6
11
7
57
2
4
2
10
5
12
19
12
20
9
1
4
2
8
2
10
18
30
11
21
76
13
11
22
3
6
1
7
10
2
12
4
18
9
34
14
1
17
17
8
26
17
18
3
46
5
18
7
5
51
15
15
2
18
3
17
4
5
10
4
28
35
2
16
11
37
30
5
4
2
17
5
15
40
20
18
23
2
11
9
4
43
51
36
3
4
5
8
11
5
4
4
1
19
16
4
91
32
2
23
5
18
4
5
6
56
14
25
12
2
36
15
50
43
27
3
6
2
5
16
2
42
15
10
36
3
8
19
1
44
7
12
12
11
4
126
18
36
1
42
6
22
29
33
25
22
17
3
1
2
4
6
195
24
1
11
44
11
39
11
41
17
16
16
10
7
32
34
10
10
5
38
18
4
1
6
1
9
21
55
16
7
12
8
3
18
2
2
2
1
8
10
6
15
3
2
16
9
21
16
5
40
17
25
31
21
8
8
5
8
5
21
3
10
50
6
10
5
6
28
2
32
37
4
2
24
15
17
14
7
51
6
8
10
